        0.0000000000	        0.0000000000	        1.0000000000	        5.1890211104	       25.6751754361	        2.7127251062	        0.0000000000	        0.0000000000	        0.0000000000	        0.0000000000
        0.0070930286	        0.0000000000	        0.0000000000	        0.0000348519	        0.0006386460	        0.0067163277	        0.9970629311	        5.0462816982	       25.6731309545	        2.7148133870	        0.0000000002	        0.0000000002	        0.0000000008	        0.0000083898
        0.0068786014	        0.0000000005	        0.0000000412	        0.0000272082	        0.0013591019	        0.0142889910	        0.9938314070	        4.8900447780	       25.6706563466	        2.7170742660	        0.0000000014	        0.0000000017	        0.0000000074	        0.0000276111
        0.0066504682	        0.0000000048	        0.0000001650	        0.0000230082	        0.0021717769	        0.0228256218	        0.9902871753	        4.7196806254	       25.6676591798	        2.7195077605	        0.0000000067	        0.0000000067	        0.0000000290	        0.0000612969
        0.0064097866	        0.0000000219	        0.0000003877	        0.0000203269	        0.0030883849	        0.0324468322	        0.9864137286	        4.5346914895	       25.6640283737	        2.7221094776	        0.0000000226	        0.0000000190	        0.0000000790	        0.0001140089
        0.0061583755	        0.0000000723	        0.0000007325	        0.0000185981	        0.0041221033	        0.0432874666	        0.9821971797	        4.3347611434	       25.6596309155	        2.7248693414	        0.0000000625	        0.0000000438	        0.0000001753	        0.0001914337
        0.0058988629	        0.0000001958	        0.0000012300	        0.0000175860	        0.0052877492	        0.0554977220	        0.9776272670	        4.1198050029	       25.6543084504	        2.7277702280	        0.0000001515	        0.0000000888	        0.0000003408	        0.0003006089
        0.0056348526	        0.0000004640	        0.0000019202	        0.0000171816	        0.0066019743	        0.0692439015	        0.9726984723	        3.8900247251	       25.6478736295	        2.7307864527	        0.0000003341	        0.0000001654	        0.0000006058	        0.0004501740
        0.0053711114	        0.0000009988	        0.0000028560	        0.0000173396	        0.0080834821	        0.0847083992	        0.9674112200	        3.6459630660	       25.6401063880	        2.7338821761	        0.0000006847	        0.0000002916	        0.0000010134	        0.0006506300
        0.0051137671	        0.0000019975	        0.0000041065	        0.0000180536	        0.0097532660	        0.1020882757	        0.9617731216	        3.3885572576	       25.6307503073	        2.7370097945	        0.0000013226	        0.0000004983	        0.0000016330	        0.0009145715
        0.0048705010	        0.0000037655	        0.0000057631	        0.0000193467	        0.0116348733	        0.1215915230	        0.9558002476	        3.1191889418	       25.6195093050	        2.7401084191	        0.0000024288	        0.0000008422	        0.0000025852	        0.0012568082
        0.0046506894	        0.0000067573	        0.0000079457	        0.0000212657	        0.0137546927	        0.1434299499	        0.9495184496	        2.8397311755	       25.6060449708	        2.7431025947	        0.0000042630	        0.0000014297	        0.0000040805	        0.0016942377
        0.0044654091	        0.0000116219	        0.0000108091	        0.0000238760	        0.0161422702	        0.1678078483	        0.9429648363	        2.5525966637	       25.5899749749	        2.7459014670	        0.0000071722	        0.0000024603	        0.0000064752	        0.0022452483
        0.0043271634	        0.0000192478	        0.0000145445	        0.0000272528	        0.0188306506	        0.1949066401	        0.9361896058	        2.2607956612	       25.5708731086	        2.7483987032	        0.0000115810	        0.0000042970	        0.0000103299	        0.0029283937
        0.0042491332	        0.0000307978	        0.0000193668	        0.0000314703	        0.0218567475	        0.2248676954	        0.9292584253	        1.9680108992	       25.5482716502	        2.7504736029	        0.0000179561	        0.0000075711	        0.0000164415	        0.0037601578
        0.0042437676	        0.0000477213	        0.0000254704	        0.0000365853	        0.0252617393	        0.2577776335	        0.9222552544	        1.6786842976	       25.5216667896	        2.7519939982	        0.0000267508	        0.0000133231	        0.0000257905	        0.0047519231
        0.0043206709	        0.0000717361	        0.0000329376	        0.0000425541	        0.0290914903	        0.2936606378	        0.9152847587	        1.3980758608	       25.4905275651	        2.7528216644	        0.0000383539	        0.0000231790	        0.0000393583	        0.0059067132
        0.0044840436	        0.0001047778	        0.0000415965	        0.0000490577	        0.0333969940	        0.3324791485	        0.9084718744	        1.1321966257	       25.4543078041	        2.7528208669	        0.0000530768	        0.0000395220	        0.0000577494	        0.0072166123
        0.0047302826	        0.0001489270	        0.0000508672	        0.0000554490	        0.0382348325	        0.3738013282	        0.9019535356	        0.8873970152	       25.4124579565	        2.7518699043	        0.0000776561	        0.0000655075	        0.0000806375	        0.0086519561
        0.0050468661	        0.0002059019	        0.0000597218	        0.0000608335	        0.0436676462	        0.4167247106	        0.8958560489	        0.6693787689	       25.3644301237	        2.7498736064	        0.0001144691	        0.0001045498	        0.0001062228	        0.0101381628
        0.0053861372	        0.0002764291	        0.0000669254	        0.0000643188	        0.0497646022	        0.4604247857	        0.8902638422	        0.4819118898	       25.3096712462	        2.7467728411	        0.0001616170	        0.0001597391	        0.0001318871	        0.0115799958
        0.0056845524	        0.0003606221	        0.0000715728	        0.0000654192	        0.0566018496	        0.5042599660	        0.8851989940	        0.3260543087	       25.2476075526	        2.7425477300	        0.0002205525	        0.0002334796	        0.0001555762	        0.0128916330
        0.0058914979	        0.0004581493	        0.0000735279	        0.0000643002	        0.0642629411	        0.5476602211	        0.8806224612	        0.2003172484	       25.1776283415	        2.7372145206	        0.0002928844	        0.0003271208	        0.0001765570	        0.0140037210
        0.0059747679	        0.0005680037	        0.0000733970	        0.0000616429	        0.0728392004	        0.5901554304	        0.8764523503	        0.1015203334	       25.0990751244	        2.7308189813	        0.0003803282	        0.0004409069	        0.0001953981	        0.0148715173
        0.0059234241	        0.0006885783	        0.0000721490	        0.0000582926	        0.0824300053	        0.6313877962	        0.8725865906	        0.0257868695	       25.0112373218	        2.7234297323	        0.0004846283	        0.0005741391	        0.0002133838	        0.0154765463
        0.0057455208	        0.0008177894	        0.0000707250	        0.0000549684	        0.0931429507	        0.6711103872	        0.8689201265	       -0.0307281682	       24.9133522784	        2.7151334790	        0.0006074633	        0.0007254012	        0.0002318979	        0.0158230691
        0.0054623997	        0.0009532134	        0.0000698366	        0.0000521475	        0.1050938490	        0.7091754976	        0.8653541360	       -0.0714660798	       24.8046073644	        2.7060323264	        0.0007503364	        0.0008927156	        0.0002520512	        0.0159317537
        0.0051019680	        0.0010922133	        0.0000699358	        0.0000500796	        0.1184065179	        0.7455171077	        0.8617991771	       -0.0993515702	       24.6841432591	        2.6962423905	        0.0009144592	        0.0010735900	        0.0002745459	        0.0158328289
        0.0046929130	        0.0012320423	        0.0000712673	        0.0000488491	        0.1332122955	        0.7801312644	        0.8581749901	       -0.1168180640	       24.5510584060	        2.6858927708	        0.0011006354	        0.0012650009	        0.0002996774	        0.0155602310
        0.0042608067	        0.0013699243	        0.0000739344	        0.0000484385	        0.1496492201	        0.8130571280	        0.8544089520	       -0.1258857549	       24.4044150082	        2.6751241653	        0.0013091546	        0.0014633937	        0.0003273911	        0.0151473925
        0.0038261593	        0.0015031192	        0.0000779524	        0.0000487733	        0.1678608015	        0.8443602504	        0.8504342835	       -0.1282471600	       24.2432469991	        2.6640867144	        0.0015397094	        0.0016647383	        0.0003573497	        0.0146246874
        0.0034039771	        0.0016289814	        0.0000832827	        0.0000497510	        0.1879943127	        0.8741186671	        0.8461884934	       -0.1253413120	       24.0665704281	        2.6529369284	        0.0017913517	        0.0018646355	        0.0003889969	        0.0140182234
        0.0030042459	        0.0017450211	        0.0000898528	        0.0000512564	        0.2101985296	        0.9024117224	        0.8416122051	       -0.1184118919	       23.8733966991	        2.6418337539	        0.0020625105	        0.0020584538	        0.0004216139	        0.0133495849
        0.0026328462	        0.0018489757	        0.0000975654	        0.0000531702	        0.2346208557	        0.9293111797	        0.8366483620	       -0.1085507680	       23.6627491311	        2.6309339706	        0.0023510964	        0.0022414881	        0.0004543726	        0.0126361722
        0.0022925693	        0.0019388967	        0.0001063040	        0.0000553733	        0.2614037844	        0.9548740462	        0.8312417569	       -0.0967302725	       23.4336833502	        2.6203871751	        0.0026547219	        0.0024091498	        0.0004863910	        0.0118918794
        0.0019840498	        0.0020132534	        0.0001159378	        0.0000577499	        0.2906806794	        0.9791365926	        0.8253388382	       -0.0838273453	       23.1853120438	        2.6103306150	        0.0029710680	        0.0025572067	        0.0005167937	        0.0111279440
        0.0017065402	        0.0020710543	        0.0001263275	        0.0000601904	        0.3225708876	        1.0021092374	        0.8188877716	       -0.0706415658	       22.9168345861	        2.6008841020	        0.0032984177	        0.0026820890	        0.0005447806	        0.0103538774
        0.0014585123	        0.0021119812	        0.0001373364	        0.0000625956	        0.3571742551	        1.0237723132	        0.8118387777	       -0.0579074895	       22.6275719840	        2.5921451851	        0.0036363575	        0.0027812651	        0.0005697036	        0.0095784192
        0.0012381039	        0.0021365209	        0.0001488444	        0.0000648811	        0.3945651751	        1.0440732534	        0.8041448249	       -0.0462996005	       22.3170075003	        2.5841847656	        0.0039865970	        0.0028536735	        0.0005911503	        0.0088104672
        0.0010434314	        0.0021460736	        0.0001607665	        0.0000669833	        0.4347863703	        1.0629264576	        0.7957628319	       -0.0364257577	       21.9848331703	        2.5770434618	        0.0043537669	        0.0029001694	        0.0006090296	        0.0080598923
        0.0008727856	        0.0021429933	        0.0001730746	        0.0000688654	        0.4778426900	        1.0802178635	        0.7866556046	       -0.0288027418	       21.6310021168	        2.5707293545	        0.0047458969	        0.0029238947	        0.0006236467	        0.0073380757
        0.0007247178	        0.0021305040	        0.0001858176	        0.0000705242	        0.5236952751	        1.0958165954	        0.7767947391	       -0.0238082937	       21.2557856349	        2.5652182415	        0.0051740685	        0.0029304209	        0.0006357485	        0.0066579313
        0.0005980146	        0.0021124282	        0.0001991369	        0.0000719951	        0.5722565058	        1.1095950282	        0.7661645372	       -0.0216088718	       20.8598320695	        2.5604580299	        0.0056505330	        0.0029274636	        0.0006465061	        0.0060331719
        0.0004915706	        0.0020926999	        0.0002132671	        0.0000733546	        0.6233861842	        1.1214552756	        0.7547665087	       -0.0220817401	       20.4442203370	        2.5563787898	        0.0061846078	        0.0029239948	        0.0006573994	        0.0054767746
        0.0004041997	        0.0020747255	        0.0002285120	        0.0000747181	        0.6768894010	        1.1313549909	        0.7426233303	       -0.0247534306	       20.0104976930	        2.5529090196	        0.0067762374	        0.0029287548	        0.0006699804	        0.0049990131
        0.0003344647	        0.0020607815	        0.0002451828	        0.0000762288	        0.7325164896	        1.1393218008	        0.7297808253	       -0.0288266474	       19.5606844916	        2.5499957427	        0.0074084646	        0.0029484838	        0.0006855470	        0.0046058406
        0.0002806195	        0.0020517028	        0.0002634972	        0.0000780392	        0.7899653716	        1.1454481355	        0.7163068781	       -0.0332095153	       19.0972450858	        2.5476252987	        0.0080418868	        0.0029864567	        0.0007047908	        0.0042984296
        0.0002407104	        0.0020470120	        0.0002834578	        0.0000802877	        0.8488864424	        1.1498668939	        0.7022888075	       -0.0367657799	       18.6229990361	        2.5458371283	        0.0086152938	        0.0030419499	        0.0007275490	        0.0040741302
        0.0002127984	        0.0020454128	        0.0003047762	        0.0000830848	        0.9088899606	        1.1527171135	        0.6878309998	       -0.0380449301	       18.1410493088	        2.5447362016	        0.0090555471	        0.0031110708	        0.0007525880	        0.0039283876
        0.0001952089	        0.0020453954	        0.0003269791	        0.0000865276	        0.9695556872	        1.1541111707	        0.6730632909	       -0.0354360489	       17.6546359756	        2.5445052946	        0.0092957791	        0.0031897067	        0.0007815210	        0.0038568200
        0.0001867297	        0.0020457245	        0.0003501245	        0.0000907888	        1.0304443128	        1.1541111707	        0.6580121945	       -0.0306541872	       17.1666336366	        2.5453146828	        0.0092957791	        0.0032049719	        0.0008028178	        0.0038568200
        0.0001867297	        0.0020457245	        0.0003733067	        0.0000958801	        1.0911100394	        1.1527171135	        0.6425778086	       -0.0284981423	       16.6795076983	        2.5471409256	        0.0090555471	        0.0031562911	        0.0008160378	        0.0039283876
        0.0001952089	        0.0020453954	        0.0003966311	        0.0001019734	        1.1511135576	        1.1498668939	        0.6267767251	       -0.0307284203	       16.1960112641	        2.5497626238	        0.0086152938	        0.0031166692	        0.0008330841	        0.0040741302
        0.0002127984	        0.0020454128	        0.0004209582	        0.0001093207	        1.2100346284	        1.1454481355	        0.6107530504	       -0.0357253729	       15.7192705427	        2.5529388501	        0.0080418868	        0.0030905789	        0.0008523173	        0.0042984296
        0.0002407104	        0.0020470120	        0.0004456253	        0.0001178591	        1.2674835104	        1.1393218008	        0.5946501758	       -0.0419239272	       15.2523386574	        2.5565049210	        0.0074084646	        0.0030821833	        0.0008750507	        0.0046058406
        0.0002806195	        0.0020517028	        0.0004705800	        0.0001275413	        1.3231105990	        1.1313549909	        0.5786191371	       -0.0479429355	       14.7980298940	        2.5603679810	        0.0067762374	        0.0030922003	        0.0009014016	        0.0049990131
        0.0003344647	        0.0020607815	        0.0004955952	        0.0001382252	        1.3766138158	        1.1214552756	        0.5628109248	       -0.0523477224	       14.3588246010	        2.5645006194	        0.0061846078	        0.0031169701	        0.0009304096	        0.0054767746
        0.0004041997	        0.0020747255	        0.0005201371	        0.0001496657	        1.4277434942	        1.1095950282	        0.5473642786	       -0.0540027837	       13.9367529327	        2.5689284124	        0.0056505330	        0.0031489379	        0.0009602538	        0.0060331719
        0.0004915706	        0.0020926999	        0.0005434807	        0.0001615632	        1.4763047249	        1.0958165954	        0.5323936421	       -0.0522080094	       13.5333400244	        2.5737048793	        0.0051740685	        0.0031781951	        0.0009886816	        0.0066579313
        0.0005980146	        0.0021124282	        0.0005649272	        0.0001736371	        1.5221573100	        1.0802178635	        0.5179820233	       -0.0467949269	       13.1495986820	        2.5788838550	        0.0047458969	        0.0031944497	        0.0010134826	        0.0073380757
        0.0007247178	        0.0021305040	        0.0005840100	        0.0001856963	        1.5652136297	        1.0629264576	        0.5041794903	       -0.0380863091	       12.7860709935	        2.5844958421	        0.0043537669	        0.0031887671	        0.0010328774	        0.0080598923
        0.0008727856	        0.0021429933	        0.0006006296	        0.0001976859	        1.6054348249	        1.0440732534	        0.4910057866	       -0.0267995009	       12.4428990607	        2.5905334199	        0.0039865970	        0.0031546826	        0.0010457373	        0.0088104672
        0.0010434314	        0.0021460736	        0.0006151042	        0.0002097088	        1.6428257449	        1.0237723132	        0.4784548209	       -0.0139356277	       12.1199078081	        2.5969462926	        0.0036363575	        0.0030886301	        0.0010516418	        0.0095784192
        0.0012381039	        0.0021365209	        0.0006281579	        0.0002220279	        1.6774291124	        1.0021092374	        0.4664993769	       -0.0006883547	       11.8166862983	        2.6036440947	        0.0032984177	        0.0029898457	        0.0010508173	        0.0103538774
        0.0014585123	        0.0021119812	        0.0006408695	        0.0002350588	        1.7093193206	        0.9791365926	        0.4550952026	        0.0116197463	       11.5326597995	        2.6105041193	        0.0029710680	        0.0028599526	        0.0010440076	        0.0111279440
        0.0017065402	        0.0020710543	        0.0006546057	        0.0002493579	        1.7385962156	        0.9548740462	        0.4441841893	        0.0215754768	       11.2671489796	        2.6173813743	        0.0026547219	        0.0027023934	        0.0010323134	        0.0118918794
        0.0019840498	        0.0020132534	        0.0006709489	        0.0002656110	        1.7653791443	        0.9293111797	        0.4336965905	        0.0276934971	       11.0194153416	        2.6241190221	        0.0023510964	        0.0025218187	        0.0010170245	        0.0126361722
        0.0022925693	        0.0019388967	        0.0006916257	        0.0002846211	        1.7898014704	        0.9024117224	        0.4235522816	        0.0284192761	       10.7886936488	        2.6305579332	        0.0020625105	        0.0023235056	        0.0009994575	        0.0133495849
        0.0026328462	        0.0018489757	        0.0007184314	        0.0003072931	        1.8120056873	        0.8741186671	        0.4136610457	        0.0221186810	       10.5742130796	        2.6365446296	        0.0017913517	        0.0021128600	        0.0009808028	        0.0140182234
        0.0030042459	        0.0017450211	        0.0007531433	        0.0003346113	        1.8321391985	        0.8443602504	        0.4039218574	        0.0070549231	       10.3752093844	        2.6419372914	        0.0015397094	        0.0018950535	        0.0009619821	        0.0146246874
        0.0034039771	        0.0016289814	        0.0007974062	        0.0003676001	        1.8503507799	        0.8130571280	        0.3942211391	       -0.0186467212	       10.1909305158	        2.6466097909	        0.0013091546	        0.0016748225	        0.0009435106	        0.0151473925
        0.0038261593	        0.0015031192	        0.0008525728	        0.0004072579	        1.8667877045	        0.7801312644	        0.3844300111	       -0.0570449434	       10.0206380839	        2.6504539215	        0.0011006354	        0.0014564327	        0.0009253584	        0.0155602310
        0.0042608067	        0.0013699243	        0.0009194678	        0.0004544450	        1.8815934821	        0.7455171077	        0.3744006652	       -0.1104348396	        9.8636066680	        2.6533801392	        0.0009144592	        0.0012437651	        0.0009068015	        0.0158328289
        0.0046929130	        0.0012320423	        0.0009980410	        0.0005097003	        1.8949061510	        0.7091754976	        0.3639622579	       -0.1813961051	        9.7191225824	        2.6553172489	        0.0007503364	        0.0010404546	        0.0008862629	        0.0159317537
        0.0051019680	        0.0010922133	        0.0010868592	        0.0005729469	        1.9068570493	        0.6711103872	        0.3529173298	       -0.2728136330	        9.5864833093	        2.6562115822	        0.0006074633	        0.0008499941	        0.0008611663	        0.0158230691
        0.0054623997	        0.0009532134	        0.0011823950	        0.0006430406	        1.9175699947	        0.6313877962	        0.3410410093	       -0.3878237107	        9.4649985415	        2.6560263468	        0.0004846283	        0.0006757315	        0.0008278858	        0.0154765463
        0.0057455208	        0.0008177894	        0.0012781314	        0.0007171360	        1.9271607996	        0.5901554304	        0.3280874157	       -0.5296036015	        9.3539936048	        2.6547420026	        0.0003803282	        0.0005207143	        0.0007819814	        0.0148715173
        0.0059234241	        0.0006885783	        0.0013636968	        0.0007899432	        1.9357370589	        0.5476602211	        0.3138104607	       -0.7008859110	        9.2528157073	        2.6523586307	        0.0002928844	        0.0003873825	        0.0007190396	        0.0140037210
        0.0059747679	        0.0005680037	        0.0014246663	        0.0008532069	        1.9433981504	        0.5042599660	        0.2980074427	       -0.9030940374	        9.1608423866	        2.6489010698	        0.0002205525	        0.0002771740	        0.0006364181	        0.0128916330
        0.0058914979	        0.0004581493	        0.0014442304	        0.0008961691	        1.9502353978	        0.4604247857	        0.2805877532	       -1.1351552565	        9.0774892286	        2.6444266070	        0.0001616170	        0.0001901686	        0.0005356673	        0.0115799958
        0.0056845524	        0.0003606221	        0.0014079606	        0.0009080131	        1.9563323538	        0.4167247106	        0.2616492435	       -1.3924403928	        9.0022109289	        2.6390328843	        0.0001144691	        0.0001249301	        0.0004242272	        0.0101381628
        0.0053861372	        0.0002764291	        0.0013110182	        0.0008824037	        1.9617651675	        0.3738013282	        0.2415180810	       -1.6666456275	        8.9344902151	        2.6328612619	        0.0000776561	        0.0000786641	        0.0003142424	        0.0086519561
        0.0050468661	        0.0002059019	        0.0011633624	        0.0008217773	        1.9666030060	        0.3324791485	        0.2207083157	       -1.9471654209	        8.8738167459	        2.6260907853	        0.0000530768	        0.0000477452	        0.0002183045	        0.0072166123
        0.0047302826	        0.0001489270	        0.0009873504	        0.0007374732	        1.9709085097	        0.2936606378	        0.1998028394	       -2.2235402197	        8.8196672397	        2.6189218441	        0.0000383539	        0.0000281810	        0.0001436890	        0.0059067132
        0.0044840436	        0.0001047778	        0.0008079584	        0.0006446424	        1.9747382607	        0.2577776335	        0.1793195605	       -2.4876129090	        8.7714996465	        2.6115544991	        0.0000267508	        0.0000162887	        0.0000906257	        0.0047519231
        0.0043206709	        0.0000717361	        0.0006435120	        0.0005562147	        1.9781432525	        0.2248676954	        0.1596404029	       -2.7342908239	        8.7287638850	        2.6041693684	        0.0000179561	        0.0000092867	        0.0000554455	        0.0037601578
        0.0042437676	        0.0000477213	        0.0005029279	        0.0004801507	        1.9811693494	        0.1949066401	        0.1410095398	       -2.9611202413	        8.6909197888	        2.5969162436	        0.0000115810	        0.0000052675	        0.0000333326	        0.0029283937
        0.0042491332	        0.0000307978	        0.0003878547	        0.0004194007	        1.9838577298	        0.1678078483	        0.1235615031	       -3.1674828045	        8.6574527110	        2.5899105823	        0.0000071722	        0.0000029987	        0.0000199288	        0.0022452483
        0.0043271634	        0.0000192478	        0.0002960075	        0.0003733329	        1.9862453073	        0.1434299499	        0.1073535544	       -3.3538775431	        8.6278835778	        2.5832352781	        0.0000042630	        0.0000017226	        0.0000119393	        0.0016942377
        0.0044654091	        0.0000116219	        0.0002236750	        0.0003403339	        1.9883651267	        0.1215915230	        0.0923921288	       -3.5214074191	        8.6017738703	        2.5769450466	        0.0000024288	        0.0000009972	        0.0000071698	        0.0012568082
        0.0046506894	        0.0000067573	        0.0001670994	        0.0003189354	        1.9902467340	        0.1020882757	        0.0786514559	       -3.6714568344	        8.5787269412	        2.5710716236	        0.0000013226	        0.0000005771	        0.0000042850	        0.0009145715
        0.0048705010	        0.0000037655	        0.0001230365	        0.0003079395	        1.9919165179	        0.0847083992	        0.0660856590	       -3.8055054278	        8.5583870163	        2.5656287894	        0.0000006847	        0.0000003293	        0.0000025152	        0.0006506300
        0.0051137671	        0.0000019975	        0.0000888719	        0.0003064620	        1.9933980257	        0.0692439015	        0.0546364409	       -3.9250265439	        8.5404368790	        2.5606167821	        0.0000003341	        0.0000001819	        0.0000014249	        0.0004501740
        0.0053711114	        0.0000009988	        0.0000625579	        0.0003139961	        1.9947122508	        0.0554977220	        0.0442380951	       -4.0314337562	        8.5245948930	        2.5560259748	        0.0000001515	        0.0000000952	        0.0000007628	        0.0003006089
        0.0056348526	        0.0000004640	        0.0000425023	        0.0003304904	        1.9958778967	        0.0432874666	        0.0348209461	       -4.1260537889	        8.5106117719	        2.5518398374	        0.0000000625	        0.0000000459	        0.0000003753	        0.0001914337
        0.0058988629	        0.0000001958	        0.0000274655	        0.0003564747	        1.9969116151	        0.0324468322	        0.0263138260	       -4.2101140426	        8.4982673383	        2.5480372668	        0.0000000226	        0.0000000196	        0.0000001629	        0.0001140089
        0.0061583755	        0.0000000723	        0.0000164764	        0.0003933184	        1.9978282231	        0.0228256218	        0.0186459062	       -4.2847384791	        8.4873674128	        2.5445943819	        0.0000000067	        0.0000000069	        0.0000000580	        0.0000612969
        0.0064097866	        0.0000000219	        0.0000087712	        0.0004438090	        1.9986408981	        0.0142889910	        0.0117480506	       -4.3509485200	        8.4777409113	        2.5414858822	        0.0000000014	        0.0000000017	        0.0000000144	        0.0000276111
        0.0066504682	        0.0000000048	        0.0000037485	        0.0005136183	        1.9993613540	        0.0067163277	        0.0055537913	       -4.4096669280	        8.4692371874	        2.5386860533	        0.0000000002	        0.0000000002	        0.0000000015	        0.0000083898
        0.0068786014	        0.0000000005	        0.0000009403	        0.0006159496	        2.0000000000	        0.0000000000	        0.0000000000	       -4.4617236865	        8.4617236289	        2.5361694899	        0.0000000000	        0.0000000000	        0.0000000000	        0.0000000000
        0.0070930286	        0.0000000000	        0.0000000000	        0.0007949393	